liquid_inlet_velocity[m/s]
2.00E-03
2.10E-03
2.21E-03
2.32E-03
2.43E-03
2.55E-03
2.68E-03
2.81E-03
2.95E-03
3.10E-03
3.26E-03
3.42E-03
3.59E-03
3.77E-03
3.96E-03
4.16E-03
4.37E-03
4.58E-03
4.81E-03
5.05E-03
5.31E-03
5.57E-03
5.85E-03
6.14E-03
6.45E-03
6.77E-03
7.11E-03
7.47E-03
7.84E-03
8.23E-03
8.64E-03
9.08E-03
9.53E-03
1.00E-02
1.05E-02
1.10E-02
1.16E-02
1.22E-02
1.28E-02
1.34E-02
1.41E-02
1.48E-02
1.55E-02
1.63E-02
1.71E-02
1.80E-02
1.89E-02
1.98E-02
2.08E-02
2.18E-02
